COMMON
-terminal
-thresh -16383 16383 -16383 16383 -16383 16383 -16383 16383 -16383 16383
-16383 16383 -16383 16383 -16383 16383 -16383 16383 -16383 16383 -16383
16383 -16383 16383 -16383 16383 -16383 16383 -16383 16383 -16383 16383
-16383 16383 -16383 16383 -16383 16383 -16383 16383 -16383 16383 -16383
16383 -16383 16383 -16383 16383 -16383 16383 -16383 16383 -16383 16383
-16383 16383 -16383 16383

START ps3general
-buttons 0 1 2 return up right down left 8 9 10 11 backspace space x return escape
-axis Left Right Up Down left right up down
